0   260094
0.001   212041
0.002   162447
0.003   117714
0.004   84246.4
0.005   67454.2
0.006   63633.1
0.007   64179.5
0.008   62840.2
0.009   59637.4
0.01   55607.8
0.011   51784.1
0.012   48819.5
0.013   46656.9
0.014   45161.1
0.015   44197.1
0.016   43630
0.017   43324.8
0.018   43146.3
0.019   42960.3
0.02   42685.1
0.021   42323.6
0.022   41886.8
0.023   41385.7
0.024   40831
0.025   40233.8
0.026   39604.8
0.027   38955.1
0.028   38295.4
0.029   37636.8
0.03   36990
0.031   36366.1
0.032   35775.9
0.033   35230.3
0.034   34739.7
0.035   34306.6
0.036   33926.7
0.037   33595.7
0.038   33309
0.039   33062.1
0.04   32850.8
0.041   32670.5
0.042   32516.7
0.043   32385.1
0.044   32271.2
0.045   32170.5
0.046   32078.6
0.047   31991.1
0.048   31903.5
0.049   31811.4
0.05   31710.2
0.051   31596.7
0.052   31470.8
0.053   31333.5
0.054   31185.6
0.055   31028
0.056   30861.5
0.057   30687.1
0.058   30505.5
0.059   30317.7
0.06   30124.6
0.061   29926.9
0.062   29725.6
0.063   29521.5
0.064   29315.6
0.065   29108.6
0.066   28901.4
0.067   28695
0.068   28490.1
0.069   28287.7
0.07   28088.3
0.071   27892.1
0.072   27698.9
0.073   27509
0.074   27322.2
0.075   27138.7
0.076   26958.5
0.077   26781.5
0.078   26607.9
0.079   26437.6
0.08   26270.8
0.081   26107.3
0.082   25947.3
0.083   25790.8
0.084   25637.8
0.085   25488.4
0.086   25342.5
0.087   25200.2
0.088   25061.6
0.089   24926.7
0.09   24795.4
0.091   24667.9
0.092   24544.2
0.093   24424.2
0.094   24308.1
0.095   24195.8
0.096   24087.5
0.097   23983
0.098   23882.5
0.099   23786
0.1   23693.5
0.101   23605
0.102   23520.1
0.103   23438.7
0.104   23360.3
0.105   23284.8
0.106   23211.6
0.107   23140.6
0.108   23071.5
0.109   23003.8
0.11   22937.4
0.111   22871.8
0.112   22806.8
0.113   22742.1
0.114   22677.5
0.115   22613.1
0.116   22548.7
0.117   22484.3
0.118   22420
0.119   22355.6
0.12   22291.1
0.121   22226.6
0.122   22161.9
0.123   22097.1
0.124   22032.1
0.125   21966.9
0.126   21901.4
0.127   21835.7
0.128   21769.6
0.129   21703.2
0.13   21636.4
0.131   21569.1
0.132   21501.5
0.133   21433.3
0.134   21364.7
0.135   21295.5
0.136   21225.7
0.137   21155.3
0.138   21084.3
0.139   21012.6
0.14   20940.1
0.141   20867
0.142   20793.1
0.143   20718.4
0.144   20642.8
0.145   20566.4
0.146   20489
0.147   20410.8
0.148   20331.6
0.149   20251.4
0.15   20170.1
0.151   20087.8
0.152   20004.6
0.153   19920.6
0.154   19835.9
0.155   19750.6
0.156   19664.8
0.157   19578.6
0.158   19492.1
0.159   19405.5
0.16   19318.9
0.161   19232.3
0.162   19145.9
0.163   19059.8
0.164   18974.1
0.165   18888.9
0.166   18804.3
0.167   18720.4
0.168   18637.4
0.169   18555.4
0.17   18474.4
0.171   18394.6
0.172   18316.1
0.173   18238.9
0.174   18163.3
0.175   18089.3
0.176   18016.9
0.177   17946.1
0.178   17876.8
0.179   17809
0.18   17742.8
0.181   17678
0.182   17614.7
0.183   17552.8
0.184   17492.3
0.185   17433.1
0.186   17375.3
0.187   17318.8
0.188   17263.6
0.189   17209.6
0.19   17156.9
0.191   17105.4
0.192   17055
0.193   17005.8
0.194   16957.8
0.195   16910.8
0.196   16864.9
0.197   16820
0.198   16776.1
0.199   16733.3
0.2   16691.3
0.201   16650.4
0.202   16610.3
0.203   16571.1
0.204   16532.8
0.205   16495.3
0.206   16458.5
0.207   16422.6
0.208   16387.4
0.209   16353
0.21   16319.2
0.211   16286.1
0.212   16253.7
0.213   16221.9
0.214   16190.6
0.215   16160
0.216   16129.8
0.217   16100.2
0.218   16071.1
0.219   16042.4
0.22   16014.2
0.221   15986.4
0.222   15958.9
0.223   15931.8
0.224   15905.1
0.225   15878.6
0.226   15852.5
0.227   15826.5
0.228   15800.8
0.229   15775.3
0.23   15750
0.231   15724.8
0.232   15699.8
0.233   15674.8
0.234   15649.9
0.235   15625
0.236   15600.2
0.237   15575.3
0.238   15550.4
0.239   15525.5
0.24   15500.4
0.241   15475.3
0.242   15450
0.243   15424.5
0.244   15398.8
0.245   15372.9
0.246   15346.8
0.247   15320.4
0.248   15293.7
0.249   15266.7
0.25   15239.3
0.251   15211.5
0.252   15183.4
0.253   15154.9
0.254   15126.1
0.255   15096.9
0.256   15067.4
0.257   15037.6
0.258   15007.5
0.259   14977.1
0.26   14946.4
0.261   14915.4
0.262   14884.2
0.263   14852.7
0.264   14821
0.265   14789.1
0.266   14756.9
0.267   14724.6
0.268   14692
0.269   14659.2
0.27   14626.3
0.271   14593.2
0.272   14559.9
0.273   14526.5
0.274   14492.9
0.275   14459.3
0.276   14425.5
0.277   14391.6
0.278   14357.6
0.279   14323.5
0.28   14289.4
0.281   14255.2
0.282   14221
0.283   14186.8
0.284   14152.7
0.285   14118.7
0.286   14084.9
0.287   14051.3
0.288   14018
0.289   13985
0.29   13952.3
0.291   13920.1
0.292   13888.2
0.293   13856.9
0.294   13826.1
0.295   13795.9
0.296   13766.3
0.297   13737.4
0.298   13709.2
0.299   13681.8
0.3   13655.2
0.301   13629.5
0.302   13604.5
0.303   13580.4
0.304   13557
0.305   13534.4
0.306   13512.6
0.307   13491.4
0.308   13470.9
0.309   13451
0.31   13431.8
0.311   13413.2
0.312   13395.1
0.313   13377.6
0.314   13360.6
0.315   13344.2
0.316   13328.2
0.317   13312.6
0.318   13297.5
0.319   13282.7
0.32   13268.4
0.321   13254.3
0.322   13240.6
0.323   13227.2
0.324   13214.1
0.325   13201.2
0.326   13188.6
0.327   13176.1
0.328   13163.8
0.329   13151.6
0.33   13139.6
0.331   13127.7
0.332   13115.8
0.333   13104
0.334   13092.2
0.335   13080.3
0.336   13068.5
0.337   13056.6
0.338   13044.6
0.339   13032.5
0.34   13020.3
0.341   13007.9
0.342   12995.3
0.343   12982.5
0.344   12969.5
0.345   12956.2
0.346   12942.7
0.347   12928.8
0.348   12914.6
0.349   12900
0.35   12885.1
0.351   12869.9
0.352   12854.4
0.353   12838.5
0.354   12822.4
0.355   12806
0.356   12789.4
0.357   12772.5
0.358   12755.4
0.359   12738.1
0.36   12720.6
0.361   12702.9
0.362   12685
0.363   12667
0.364   12648.8
0.365   12630.5
0.366   12612.1
0.367   12593.6
0.368   12575
0.369   12556.3
0.37   12537.6
0.371   12518.8
0.372   12500
0.373   12481.2
0.374   12462.3
0.375   12443.5
0.376   12424.7
0.377   12406
0.378   12387.3
0.379   12368.7
0.38   12350.1
0.381   12331.7
0.382   12313.4
0.383   12295.1
0.384   12277.1
0.385   12259.1
0.386   12241.4
0.387   12223.8
0.388   12206.4
0.389   12189.3
0.39   12172.3
0.391   12155.6
0.392   12139.2
0.393   12123
0.394   12107
0.395   12091.4
0.396   12076.1
0.397   12061.1
0.398   12046.4
0.399   12032.1
0.4   12018.2
0.401   12004.6
0.402   11991.4
0.403   11978.5
0.404   11966
0.405   11953.9
0.406   11942
0.407   11930.5
0.408   11919.3
0.409   11908.4
0.41   11897.8
0.411   11887.5
0.412   11877.5
0.413   11867.8
0.414   11858.3
0.415   11849.1
0.416   11840.2
0.417   11831.5
0.418   11823
0.419   11814.8
0.42   11806.8
0.421   11799
0.422   11791.5
0.423   11784.1
0.424   11776.9
0.425   11769.9
0.426   11763.1
0.427   11756.5
0.428   11750
0.429   11743.6
0.43   11737.5
0.431   11731.4
0.432   11725.5
0.433   11719.7
0.434   11714
0.435   11708.5
0.436   11703
0.437   11697.6
0.438   11692.4
0.439   11687.1
0.44   11682
0.441   11676.9
0.442   11671.9
0.443   11666.9
0.444   11662
0.445   11657.1
0.446   11652.2
0.447   11647.3
0.448   11642.5
0.449   11637.6
0.45   11632.7
0.451   11627.8
0.452   11622.9
0.453   11617.9
0.454   11612.9
0.455   11607.8
0.456   11602.6
0.457   11597.3
0.458   11591.8
0.459   11586.3
0.46   11580.5
0.461   11574.6
0.462   11568.6
0.463   11562.3
0.464   11555.8
0.465   11549.1
0.466   11542.2
0.467   11535
0.468   11527.5
0.469   11519.8
0.47   11511.8
0.471   11503.4
0.472   11494.7
0.473   11485.7
0.474   11476.3
0.475   11466.6
0.476   11456.5
0.477   11445.9
0.478   11435
0.479   11423.6
0.48   11411.8
0.481   11399.5
0.482   11386.8
0.483   11373.6
0.484   11359.8
0.485   11345.6
0.486   11330.8
0.487   11315.5
0.488   11299.6
0.489   11283.1
0.49   11266.1
0.491   11248.4
0.492   11230.2
0.493   11211.3
0.494   11191.7
0.495   11171.5
0.496   11150.6
0.497   11129
0.498   11106.7
0.499   11083.7
0.5   11060.8
0.501   11038.9
0.502   11018.3
0.503   10998.9
0.504   10980.7
0.505   10963.7
0.506   10947.7
0.507   10932.8
0.508   10918.9
0.509   10906.1
0.51   10894.1
0.511   10883.1
0.512   10873
0.513   10863.7
0.514   10855.2
0.515   10847.4
0.516   10840.4
0.517   10834.1
0.518   10828.5
0.519   10823.4
0.52   10818.9
0.521   10815
0.522   10811.6
0.523   10808.6
0.524   10806.1
0.525   10803.9
0.526   10802.1
0.527   10800.6
0.528   10799.4
0.529   10798.4
0.53   10797.6
0.531   10797
0.532   10796.6
0.533   10796.2
0.534   10795.8
0.535   10795.5
0.536   10795.1
0.537   10794.7
0.538   10794.2
0.539   10793.5
0.54   10792.7
0.541   10791.6
0.542   10790.3
0.543   10788.7
0.544   10786.8
0.545   10784.5
0.546   10781.9
0.547   10778.8
0.548   10775.2
0.549   10771.1
0.55   10766.4
0.551   10761.2
0.552   10755.5
0.553   10749.3
0.554   10742.6
0.555   10735.5
0.556   10727.9
0.557   10719.9
0.558   10711.5
0.559   10702.7
0.56   10693.5
0.561   10684
0.562   10674.2
0.563   10664.1
0.564   10653.8
0.565   10643.1
0.566   10632.3
0.567   10621.2
0.568   10609.9
0.569   10598.4
0.57   10586.8
0.571   10575
0.572   10563.2
0.573   10551.2
0.574   10539.2
0.575   10527.1
0.576   10514.9
0.577   10502.8
0.578   10490.6
0.579   10478.5
0.58   10466.5
0.581   10454.5
0.582   10442.5
0.583   10430.7
0.584   10419
0.585   10407.5
0.586   10396.1
0.587   10384.9
0.588   10374
0.589   10363.2
0.59   10352.7
0.591   10342.5
0.592   10332.5
0.593   10322.9
0.594   10313.6
0.595   10304.6
0.596   10296.1
0.597   10287.9
0.598   10280.1
0.599   10272.7
0.6   10265.8
0.601   10259.3
0.602   10253.2
0.603   10247.4
0.604   10242.1
0.605   10237.2
0.606   10232.6
0.607   10228.3
0.608   10224.5
0.609   10220.9
0.61   10217.7
0.611   10214.8
0.612   10212.1
0.613   10209.8
0.614   10207.8
0.615   10206
0.616   10204.5
0.617   10203.2
0.618   10202.2
0.619   10201.4
0.62   10200.8
0.621   10200.4
0.622   10200.2
0.623   10200.3
0.624   10200.4
0.625   10200.8
0.626   10201.3
0.627   10201.9
0.628   10202.7
0.629   10203.6
0.63   10204.7
0.631   10205.8
0.632   10207
0.633   10208.3
0.634   10209.7
0.635   10211.1
0.636   10212.6
0.637   10214.1
0.638   10215.6
0.639   10217.2
0.64   10218.8
0.641   10220.3
0.642   10221.9
0.643   10223.4
0.644   10224.9
0.645   10226.4
0.646   10227.8
0.647   10229.1
0.648   10230.4
0.649   10231.6
0.65   10232.7
0.651   10233.7
0.652   10234.6
0.653   10235.4
0.654   10236.1
0.655   10236.8
0.656   10237.4
0.657   10237.9
0.658   10238.3
0.659   10238.7
0.66   10239
0.661   10239.2
0.662   10239.4
0.663   10239.5
0.664   10239.6
0.665   10239.6
0.666   10239.6
0.667   10239.6
0.668   10239.5
0.669   10239.3
0.67   10239.1
0.671   10238.9
0.672   10238.7
0.673   10238.4
0.674   10238.1
0.675   10237.8
0.676   10237.4
0.677   10237.1
0.678   10236.7
0.679   10236.4
0.68   10236
0.681   10235.6
0.682   10235.2
0.683   10234.8
0.684   10234.4
0.685   10234.1
0.686   10233.7
0.687   10233.4
0.688   10233
0.689   10232.7
0.69   10232.4
0.691   10232.1
0.692   10231.9
0.693   10231.7
0.694   10231.5
0.695   10231.4
0.696   10231.3
0.697   10231.2
0.698   10231.2
0.699   10231.2
0.7   10231.3
0.701   10231.3
0.702   10231.4
0.703   10231.6
0.704   10231.8
0.705   10231.9
0.706   10232.1
0.707   10232.4
0.708   10232.6
0.709   10232.9
0.71   10233.1
0.711   10233.4
0.712   10233.7
0.713   10234
0.714   10234.3
0.715   10234.6
0.716   10234.9
0.717   10235.2
0.718   10235.5
0.719   10235.8
0.72   10236.1
0.721   10236.3
0.722   10236.6
0.723   10236.8
0.724   10237.1
0.725   10237.3
0.726   10237.4
0.727   10237.6
0.728   10237.7
0.729   10237.8
0.73   10237.9
0.731   10237.9
0.732   10237.9
0.733   10237.9
0.734   10237.8
0.735   10237.7
0.736   10237.5
0.737   10237.3
0.738   10237.1
0.739   10236.7
0.74   10236.4
0.741   10236
0.742   10235.5
0.743   10235
0.744   10234.4
0.745   10233.7
0.746   10233
0.747   10232.2
0.748   10231.4
0.749   10230.4
0.75   10229.5
0.751   10228.4
0.752   10227.3
0.753   10226.1
0.754   10224.9
0.755   10223.7
0.756   10222.5
0.757   10221.2
0.758   10219.9
0.759   10218.6
0.76   10217.3
0.761   10216
0.762   10214.7
0.763   10213.4
0.764   10212.1
0.765   10210.9
0.766   10209.7
0.767   10208.5
0.768   10207.4
0.769   10206.4
0.77   10205.4
0.771   10204.4
0.772   10203.6
0.773   10202.8
0.774   10202.1
0.775   10201.5
0.776   10201
0.777   10200.6
0.778   10200.3
0.779   10200.1
0.78   10200
0.781   10200.1
0.782   10200.3
0.783   10200.7
0.784   10201.2
0.785   10201.8
0.786   10202.6
0.787   10203.6
0.788   10204.7
0.789   10206.1
0.79   10207.6
0.791   10209.3
0.792   10211.2
0.793   10213.3
0.794   10215.6
0.795   10218.1
0.796   10220.9
0.797   10223.8
0.798   10227.1
0.799   10230.5
0.8   10234.2
0.801   10238.2
0.802   10242.3
0.803   10246.6
0.804   10251.1
0.805   10255.7
0.806   10260.3
0.807   10265.1
0.808   10269.9
0.809   10274.7
0.81   10279.5
0.811   10284.3
0.812   10289
0.813   10293.7
0.814   10298.2
0.815   10302.6
0.816   10306.8
0.817   10310.9
0.818   10314.7
0.819   10318.2
0.82   10321.6
0.821   10324.6
0.822   10327.3
0.823   10329.6
0.824   10331.6
0.825   10333.1
0.826   10334.3
0.827   10335
0.828   10335.2
0.829   10334.9
0.83   10334.1
0.831   10332.7
0.832   10330.7
0.833   10328.2
0.834   10325
0.835   10321.1
0.836   10316.6
0.837   10311.3
0.838   10305.3
0.839   10298.5
0.84   10291
0.841   10282.6
0.842   10273.3
0.843   10263.2
0.844   10252.3
0.845   10240.3
0.846   10227.5
0.847   10213.6
0.848   10198.9
0.849   10183.2
0.85   10166.7
0.851   10149.4
0.852   10131.2
0.853   10112.3
0.854   10092.6
0.855   10072.2
0.856   10051.1
0.857   10029.4
0.858   10007
0.859   9984.04
0.86   9960.52
0.861   9936.47
0.862   9911.91
0.863   9886.88
0.864   9861.4
0.865   9835.52
0.866   9809.25
0.867   9782.63
0.868   9755.69
0.869   9728.46
0.87   9700.98
0.871   9673.26
0.872   9645.34
0.873   9617.26
0.874   9589.03
0.875   9560.7
0.876   9532.29
0.877   9503.84
0.878   9475.37
0.879   9446.91
0.88   9418.49
0.881   9390.16
0.882   9361.92
0.883   9333.82
0.884   9305.89
0.885   9278.16
0.886   9250.65
0.887   9223.4
0.888   9196.43
0.889   9169.78
0.89   9143.49
0.891   9117.57
0.892   9092.06
0.893   9066.99
0.894   9042.39
0.895   9018.29
0.896   8994.72
0.897   8971.71
0.898   8949.29
0.899   8927.5
0.9   8906.35
0.901   8885.83
0.902   8865.76
0.903   8846
0.904   8826.38
0.905   8806.74
0.906   8786.93
0.907   8766.77
0.908   8746.11
0.909   8724.79
0.91   8702.64
0.911   8679.51
0.912   8655.24
0.913   8629.66
0.914   8602.61
0.915   8573.94
0.916   8543.47
0.917   8511.06
0.918   8476.53
0.919   8439.74
0.92   8400.51
0.921   8358.74
0.922   8314.58
0.923   8268.26
0.924   8219.99
0.925   8170
0.926   8118.51
0.927   8065.74
0.928   8011.92
0.929   7957.27
0.93   7902.01
0.931   7846.37
0.932   7790.56
0.933   7734.81
0.934   7679.35
0.935   7624.39
0.936   7570.16
0.937   7516.89
0.938   7464.78
0.939   7414.08
0.94   7364.99
0.941   7317.75
0.942   7272.57
0.943   7229.68
0.944   7189.3
0.945   7151.65
0.946   7116.97
0.947   7085.46
0.948   7057.35
0.949   7032.86
0.95   7012.22
0.951   6995.11
0.952   6980.23
0.953   6966.18
0.954   6951.56
0.955   6934.95
0.956   6914.96
0.957   6890.18
0.958   6859.21
0.959   6820.65
0.96   6773.08
0.961   6715.12
0.962   6645.34
0.963   6562.36
0.964   6464.76
0.965   6351.14
0.966   6220.09
0.967   6071.24
0.968   5907.83
0.969   5733.93
0.97   5553.63
0.971   5370.98
0.972   5190.07
0.973   5014.96
0.974   4849.73
0.975   4698.46
0.976   4565.21
0.977   4454.06
0.978   4369.07
0.979   4314.33
0.98   4293.91
0.981   4311.87
0.982   4189.1
0.983   3689.07
0.984   3688.87
0.985   3768.49
0.986   3577.15
0.987   3409.01
0.988   3264.47
0.989   2977.36
0.99   2738.53
0.991   2594.12
0.992   2300.19
0.993   1971.08
0.994   2161.1
0.995   2719.36
0.996   3119.09
0.997   2831.2
0.998   1238.17
0.999   694.705
